x
-1 1
1 -0.48218068792634 0.11866992699282
2 -0.12973597987821 0.27148837827613
3 -0.48218068792634 0.11866992699282
4 -0.48218068792634 0.11866992699282
5 -0.48218068792634 0.11866992699282
6 -0.48218068792634 0.11866992699282
7 -0.48218068792634 0.11866992699282
8 -0.48218068792634 0.11866992699282
9 -0.48218068792634 0.11866992699282
10 -0.48218068792634 0.11866992699282
11 -0.48218068792634 0.11866992699282
12 -0.48218068792634 0.11866992699282
13 -0.48218068792634 0.11866992699282
14 -0.48218068792634 0.11866992699282
15 -0.48218068792634 0.11866992699282
16 -0.48218068792634 0.11866992699282
17 -0.48218068792634 0.11866992699282
18 -0.48218068792634 0.11866992699282
19 -0.48218068792634 0.11866992699282
20 -0.48218068792634 0.11866992699282
21 -0.48218068792634 0.11866992699282
22 -0.48218068792634 0.11866992699282
23 -0.48218068792634 0.11866992699282
24 -0.48218068792634 0.11866992699282
25 -0.48218068792634 0.11866992699282
26 -0.48218068792634 0.11866992699282
27 -0.48218068792634 0.11866992699282
28 -0.48218068792634 0.11866992699282
29 -0.48218068792634 0.11866992699282
30 -0.48218068792634 0.11866992699282
31 -0.48218068792634 0.11866992699282
32 -0.48218068792634 0.11866992699282
33 -0.48218068792634 0.11866992699282
34 -0.48218068792634 0.11866992699282
35 -0.48218068792634 0.11866992699282
36 -0.48218068792634 0.11866992699282
37 -0.48218068792634 0.11866992699282
38 -0.48218068792634 0.11866992699282
39 -0.48218068792634 0.11866992699282
40 -0.48218068792634 0.11866992699282
41 -0.48218068792634 0.11866992699282
42 -0.48218068792634 0.11866992699282
43 -0.48218068792634 0.11866992699282
44 -0.48218068792634 0.11866992699282
45 -0.48218068792634 0.11866992699282
46 -0.48218068792634 0.11866992699282
47 -0.48218068792634 0.11866992699282
48 -0.48218068792634 0.11866992699282
49 -0.48218068792634 0.11866992699282
50 -0.48218068792634 0.11866992699282
